  0.80953649443961961       0.70873616295487651     
  0.79253511237851948       0.69482498759643618     
  0.77652589403093220       0.68069360312030169     
  0.76294507812997403       0.66358218011315928     
  0.75071166044090099       0.64433982098772236     
  0.74004567640867791       0.62491054673622837     
  0.72980990204210705       0.60501634192052001     
  0.72094376159769280       0.58535590028888662     
  0.71469186392413397       0.56568726110842493     
  0.71102704895031899       0.54591333289815569     
  0.70896467151911291       0.52584195959530233     
  0.70490037101773750       0.50523191002555445     
  0.70241376187251914       0.48395129290304778     
  0.70388748151987590       0.46354929567963149     
  0.70761864288936149       0.44257150632966658     
  0.71304016915836355       0.42156189348844891     
  0.71620803697987523       0.40153209658292360     
  0.72085700194663560       0.38222042061595529     
  0.72761999874100836       0.36401136768854536     
  0.73579951871571270       0.34686147003434059     
  0.74503088823240715       0.33053870200867147     
  0.75437177694037350       0.31525501745039097     
  0.76344645191973537       0.29995942629037980     
  0.77326516762551434       0.28600305032485762     
  0.78374781907343305       0.27318208685286560     
  0.79485577846271294       0.26034462779458040     
  0.80659397266149024       0.24858537535674585     
  0.81867204995787679       0.23777191042141932     
  0.83100271531254555       0.22712582133860321     
  0.84382321496410073       0.21695200545679127     
  0.85694612419075522       0.20819889594630964     
  0.87015957679879963       0.20039849765895210     
  0.88336104659289150       0.19319314835964640     
  0.89631554186821805       0.18692773757537273     
  0.90909779507617194       0.18179568560041667     
  0.92124777174677996       0.17771294759291509     
  0.94483460241487305       0.17124701149189733     
  0.96758456733566567       0.16687739708451046     
  0.98933955397547779       0.16562739589305292     
   1.0107451961061720       0.16563246704256426     
   1.0325014112761450       0.16687601065660249     
   1.0552544172622049       0.17125315259517637     
   1.0788425836383417       0.17771797554685720     
   1.0909947834907137       0.18180475511180244     
   1.1037755986818329       0.18694189950771453     
   1.1167265823277490       0.19321357178299445     
   1.1299256450668087       0.20042302586833632     
   1.1431360241839259       0.20822612462531689     
   1.1562552973269791       0.21698519975573263     
   1.1690713263483792       0.22716473719817337     
   1.1813948804689061       0.23781718578921282     
   1.1934617986709974       0.24863815402729103     
   1.2051885340350403       0.26040959066361302     
   1.2162833748730313       0.27325674008779766     
   1.2267548664915588       0.28608753098308543     
   1.2365651382093401       0.30005568358864965     
   1.2456316703305659       0.31536441434260459     
   1.2549575321663020       0.33066483676006203     
   1.2641528991305719       0.34700881636361930     
   1.2722918464391748       0.36417707269954802     
   1.2790125653151971       0.38239459297435902     
   1.2836508084120868       0.40170012399277855     
   1.2868496548355597       0.42172752710674027     
   1.2921694877034131       0.44274639032525842     
   1.2957905996710342       0.46369512119489886     
   1.2972088854801640       0.48411890238161737     
   1.2947972787605637       0.50538277630671280     
   1.2908277755648954       0.52597415301749095     
   1.2886813116921327       0.54602680674401216     
   1.2849395212273937       0.56578297118419141     
   1.2786594418142052       0.58550502363879042     
   1.2698713900496319       0.60521553743003254     
   1.2597223883771906       0.62501990103601246     
   1.2487149624428311       0.64409705315859755     
   1.2359378587843164       0.66277811373316642     
   1.2218276292323524       0.68028070903575011     
   1.2060130389041022       0.69643841761868541     
   1.1891088603210886       0.71155097574677950     
   1.1708543972322347       0.72553792423139751     
   1.1500344083570355       0.73881945956082318     
   1.1385658634864217       0.74434912323618740     
   1.1270973186158082       0.74987878691155163     
   1.1149882194911653       0.75494124021491438     
   1.1029302431027108       0.76006026086127931     
   1.0905725789510001       0.76416277520007359     
   1.0782050954318683       0.76823547852217633     
   1.0656176457685789       0.77087801352238461     
   1.0530233688774815       0.77348133679046671     
   1.0399804372545429       0.77544331183208903     
   1.0269329053515366       0.77740499351180847     
   1.0138245137749227       0.77770327846597165     
   1.0007157380266229       0.77800410223412420     
  0.98755602258875852       0.77788308813556961     
  0.97439584378051514       0.77776299419007311     
  0.96116161031483915       0.77578237185734766     
  0.94795357213521769       0.77377537940838781     
  0.93521447931565849       0.77105126041934402     
  0.92246298251624925       0.76829179302587636     
  0.90992629712267947       0.76399395076034382     
  0.89736653279497824       0.75968732009237283     
  0.88466980367682790       0.75442577401016286     
  0.87170204485670955       0.74950235655452369     
  0.85917972587467095       0.74389022557451112     
  0.84645546128944349       0.73790334167321281     
  0.83649666889508167       0.73027533999326488     
  0.82653787650071975       0.72264733831331684     
  0.80956130843726748       0.70779209414304822     
  0.80953649443961961       0.70873616295487651     
