  0.80956130843726748       0.70779209414304822      -0.92092485352870723       0.36292121670926669       0.98985574473486049     
  0.79253511237851948       0.69482498759643618      -0.98969938139682911       0.64758499162529015        1.1827388498377795     
  0.77652589403093220       0.68069360312030169       -1.0725238380482920       0.89716938743509889        1.3982919197837445     
  0.76294507812997403       0.66358218011315928      -0.93318627020265121       0.79285456100564422        1.2245223435291772     
  0.75071166044090099       0.64433982098772236      -0.71011925668012754       0.47157843098099173       0.85244095119511409     
  0.74004567640867791       0.62491054673622837      -0.54131711031200513       0.26798711945679393       0.60402095171549264     
  0.72980990204210705       0.60501634192052001      -0.66103465902134229       0.20328930148331051       0.69158756533430721     
  0.72094376159769280       0.58535590028888662      -0.73867648270297748       0.16156673270116326       0.75613937552158428     
  0.71469186392413397       0.56568726110842493      -0.57016526135791878        5.1358340135464399E-002  0.57247367132542781     
  0.71102704895031899       0.54591333289815569      -0.13688905399815338       -9.3815532427021453E-002  0.16595170149496768     
  0.70896467151911291       0.52584195959530233       0.35138989142708082      -0.23530274405965840       0.42289743101506394     
  0.70490037101773750       0.50523191002555445      -0.10051172297983046      -0.27646262728776533       0.29416694366163582     
  0.70241376187251914       0.48395129290304778      -0.69921407565796356      -0.26479746078428257       0.74767507570870928     
  0.70388748151987590       0.46354929567963149      -0.52633513448243752      -0.22521901579024267       0.57249653174859605     
  0.70761864288936149       0.44257150632966658       0.38952131504115606      -0.25705287101022201       0.46669372544098919     
  0.71304016915836355       0.42156189348844891        1.1560928302330076      -0.31300184179480023        1.1977148179274995     
  0.71620803697987523       0.40153209658292360       0.70572574361101437      -0.41702041421478209       0.81972852278494468     
  0.72085700194663560       0.38222042061595529       0.35574316812614354      -0.45279562329230250       0.57582729888490902     
  0.72761999874100836       0.36401136768854536       0.38389817983951302      -0.37558743343938894       0.53706957895758578     
  0.73579951871571270       0.34686147003434059       0.69278633969218795      -0.18639049715477851       0.71742200265513545     
  0.74503088823240715       0.33053870200867147       0.97101354099124526       -7.5579207656508329E-002  0.97395046764111282     
  0.75437177694037350       0.31525501745039097        1.0700112766960328       -1.0707734630573673E-002   1.0700648521643876     
  0.76344645191973537       0.29995942629037980        1.0101690537800148       -7.3107522160722332E-003   1.0101955079650546     
  0.77326516762551434       0.28600305032485762       0.98680558397055496        4.7426774191965088E-002  0.98794461356177432     
  0.78374781907343305       0.27318208685286560        1.0157117421987247       0.13126055456749758        1.0241580329352182     
  0.79485577846271294       0.26034462779458040        1.0953512672767614       0.24494436927831281        1.1224046252425894     
  0.80659397266149024       0.24858537535674585        1.1626378673398399       0.34421344263731884        1.2125220429603603     
  0.81867204995787679       0.23777191042141932        1.1695017034535908       0.43986898008717790        1.2494874765373940     
  0.83100271531254555       0.22712582133860321        1.1819712487569931       0.51561565651754027        1.2895408245318096     
  0.84382321496410073       0.21695200545679127        1.1836886660437314       0.61617059609549307        1.3344605882576912     
  0.85694612419075522       0.20819889594630964        1.1873401562888346       0.71812012641697187        1.3876141980756473     
  0.87015957679879963       0.20039849765895210        1.1545503559348413       0.82792556446341203        1.4207206849628566     
  0.88336104659289150       0.19319314835964640        1.1250452469503582       0.94343427914696587        1.4682625946182610     
  0.89631554186821805       0.18692773757537273        1.0964052040899617        1.0744210849955551        1.5350847010632920     
  0.90909779507617194       0.18179568560041667        1.0456313151486283        1.1999830115904406        1.5916356603585864     
  0.92124777174677996       0.17771294759291509       0.91831733528595494        1.3208158417791305        1.6086830689049381     
  0.93318538012432706       0.17407274987570243       0.78773302764983388        1.4102621579980694        1.6153521836218088     
  0.94483460241487305       0.17124701149189733       0.65835409746911489        1.4581086687350404        1.5998471825442093     
  0.96758456733566567       0.16687739708451046       0.40153017099250665        1.5695458089861432        1.6200927518889892     
  0.98933955397547779       0.16562739589305292       0.13408639688093876        1.6202792777762505        1.6258179786863105     
   1.0107451961061720       0.16563246704256426      -0.13370712505231214        1.6213867707893066        1.6268904867200897     
   1.0325014112761450       0.16687601065660249      -0.40068083546448874        1.5705849179958888        1.6208892980535943     
   1.0552544172622049       0.17125315259517637      -0.65698504457836571        1.4575784147951443        1.5988008581672588     
   1.0669038228370140       0.17408006237581172      -0.78643192583276700        1.4090545250554531        1.6136634805771257     
   1.0788425836383417       0.17771797554685720      -0.91721691513244874        1.3193373028673423        1.6068409343000816     
   1.0909947834907137       0.18180475511180244       -1.0447875268555433        1.1991940117077629        1.5904864834347636     
   1.1037755986818329       0.18694189950771453       -1.0955707774932406        1.0743885322045954        1.5344660460987363     
   1.1167265823277490       0.19321357178299445       -1.1244872606140692       0.94415560753196170        1.4682988151317775     
   1.1299256450668087       0.20042302586833632       -1.1541553640105540       0.82875078624305976        1.4208808781783306     
   1.1431360241839259       0.20822612462531689       -1.1869495164785269       0.71855853734984010        1.3875069463851164     
   1.1562552973269791       0.21698519975573263       -1.1830697696294792       0.61621232805930015        1.3339309251469551     
   1.1690713263483792       0.22716473719817337       -1.1814158949582609       0.51533911631056339        1.2889212239930652     
   1.1813948804689061       0.23781718578921282       -1.1695056417134055       0.44006439061991059        1.2495599681052358     
   1.1934617986709974       0.24863815402729103       -1.1634851529626082       0.34482836303432990        1.2135090857168560     
   1.2051885340350403       0.26040959066361302       -1.0968231879993757       0.24616730481210544        1.1241082900199473     
   1.2162833748730313       0.27325674008779766       -1.0181319819863544       0.13288594365343206        1.0267674550569497     
   1.2267548664915588       0.28608753098308543      -0.98865607675443368        4.9386870820257979E-002  0.98988883270440298     
   1.2365651382093401       0.30005568358864965       -1.0101672327009417       -5.1472384185152469E-003   1.0101803463174361     
   1.2456316703305659       0.31536441434260459       -1.0675404448751484       -8.9612508885612979E-003   1.0675780559105350     
   1.2549575321663020       0.33066483676006203      -0.96783623794558626       -7.3190273543074086E-002  0.97059971132386780     
   1.2641528991305719       0.34700881636361930      -0.69493002850074470      -0.18248091960357909       0.71848940878165612     
   1.2722918464391748       0.36417707269954802      -0.39208035912774664      -0.36870172359465725       0.53820810937351526     
   1.2790125653151971       0.38239459297435902      -0.36634676576638092      -0.44618046883271478       0.57731011038718938     
   1.2836508084120868       0.40170012399277855      -0.70300392681260959      -0.41211228906562186       0.81489328130305239     
   1.2868496548355597       0.42172752710674027       -1.1357354763920522      -0.31129978099367722        1.1776258429493611     
   1.2921694877034131       0.44274639032525842      -0.38612520392765159      -0.25446328706476695       0.46243295467773110     
   1.2957905996710342       0.46369512119489886       0.49689208256289452      -0.22516224463872853       0.54552706452057997     
   1.2972088854801640       0.48411890238161737       0.66277044544861841      -0.26370674385591503       0.71330632277812400     
   1.2947972787605637       0.50538277630671280       0.10604036169968231      -0.27540156927259107       0.29511113612875611     
   1.2908277755648954       0.52597415301749095      -0.30458495542311242      -0.23289817600761253       0.38342346753657663     
   1.2886813116921327       0.54602680674401216       0.16303673079801226       -9.5077718747545864E-002  0.18873459722992220     
   1.2849395212273937       0.56578297118419141       0.58047929168078283        4.7367069328197869E-002  0.58240866007208858     
   1.2786594418142052       0.58550502363879042       0.75007183368091357       0.15848041078610564       0.76663146053653508     
   1.2698713900496319       0.60521553743003254       0.69630094812601839       0.19405288359072123       0.72283575727205562     
   1.2597223883771906       0.62501990103601246       0.60877275917931406       0.23053274578417465       0.65096053582193902     
   1.2487149624428311       0.64409705315859755       0.73594880202047053       0.35264683520266299       0.81607624004980062     
   1.2359378587843164       0.66277811373316642       0.86811658993663787       0.53437796662391390        1.0194048385878525     
   1.2218276292323524       0.68028070903575011       0.93254352590295819       0.65285619844211262        1.1383578714744360     
   1.2060130389041022       0.69643841761868541       0.91143727867620916       0.75049919463922032        1.1806637769131447     
   1.1891088603210886       0.71155097574677950       0.89006150964437025       0.87427077083055371        1.2476212853582878     
   1.1708543972322347       0.72553792423139751       0.87946455711000593       0.99473566543212022        1.3277638913961254     
   1.1500344083570355       0.73881945956082318       0.80396236916714281        1.0727643384845418        1.3405889813664074     
   1.1270973186158082       0.74987878691155163       0.66668916405252343        1.1408195313728162        1.3213416078466402     
   1.1149882194911653       0.75494124021491438       0.61017852434119335        1.2239486758848468        1.3676140511004800     
   1.1029302431027108       0.76006026086127931       0.56389243209597772        1.3183912892502059        1.4339212902199119     
   1.0905725789510001       0.76416277520007359       0.50656067643991975        1.4165347039295459        1.5043850193192019     
   1.0782050954318683       0.76823547852217633       0.44726504725580651        1.5087159151373164        1.5736167688116980     
   1.0656176457685789       0.77087801352238461       0.38312711071058692        1.5147887437030831        1.5624888226835441     
   1.0530233688774815       0.77348133679046671       0.31762372857317150        1.5130192256683295        1.5459987096355272     
   1.0399804372545429       0.77544331183208903       0.24628832551803964        1.5156046651617325        1.5354854087051713     
   1.0269329053515366       0.77740499351180847       0.17403286642881965        1.5181314322732533        1.5280741095422927     
   1.0138245137749227       0.77770327846597165        9.8963482358296023E-002   1.5383477984302072        1.5415277226749917     
   1.0007157380266229       0.77800410223412420        2.3817263948896474E-002   1.5590719273963767        1.5592538397764053     
  0.98755602258875852       0.77788308813556961       -6.5018445957718066E-002   1.5827187094769386        1.5840536328177472     
  0.97439584378051514       0.77776299419007311      -0.15394682994217604        1.6065495221732238        1.6139086075872633     
  0.96116161031483915       0.77578237185734766      -0.23868277876761321        1.5657530511005684        1.5838409282219501     
  0.94795357213521769       0.77377537940838781      -0.31784514522737117        1.5204686366598568        1.5533352540295002     
  0.93521447931565849       0.77105126041934402      -0.35911116397951681        1.4762263317509214        1.5192777924558449     
  0.92246298251624925       0.76829179302587636      -0.40285797875709162        1.4249143457991986        1.4807685315107852     
  0.90992629712267947       0.76399395076034382      -0.44499684133903133        1.3261285300470689        1.3987991517750198     
  0.89736653279497824       0.75968732009237283      -0.49175149085043307        1.2255850337679817        1.3205598069567650     
  0.88466980367682790       0.75442577401016286      -0.61820560907054656        1.1452288965760806        1.3014328260187509     
  0.87170204485670955       0.74950235655452369      -0.78367359118303481        1.1278671524699251        1.3734003826773646     
  0.85917972587467095       0.74389022557451112      -0.98377241491300060        1.0821551540984162        1.4624869031500842     
  0.84645546128944349       0.73790334167321281       -1.2242603601835522       0.96149256979446984        1.5566892404352046     
  0.82653787650071975       0.72264733831331684       -1.1182671196792928       0.54312318228546552        1.2431830686152836     
