   2.2031437942481649E-002
   2.1902741557368616E-002
   2.1887672299455780E-002
   2.2118248970968309E-002
   2.1713051353898814E-002
   2.1814863753174631E-002
   2.1219070740347724E-002
   2.0391512891886211E-002
   1.9920627320035529E-002
   1.9880795491914096E-002
   2.0483913210468573E-002
   2.1344962791689515E-002
   2.0608899097510323E-002
   2.0835888528651106E-002
   2.0790654042582846E-002
   2.0248499577455892E-002
   2.0174480666338496E-002
   1.9739081455865393E-002
   1.9273952185841416E-002
   1.8609042583160561E-002
   1.7940482713217177E-002
   1.7953961299070956E-002
   1.7355388985794275E-002
   1.6798150011545495E-002
   1.7158571192701158E-002
   1.6739170704522396E-002
   1.6509256821064806E-002
   1.6494190724519273E-002
   1.6677370588550417E-002
   1.6047816697611458E-002
   1.5769203509788284E-002
   1.5452155116369364E-002
   1.4813534324749857E-002
   1.4251894584514905E-002
   1.3618473649317545E-002
   1.3237391033669920E-002
   1.2672353305408460E-002
   2.4533865943167907E-002
   2.3141110020914509E-002
   2.2744609715212496E-002
   2.3139594004335521E-002
   2.4537391395008892E-002
   1.2673964025709446E-002
   1.3239154439582351E-002
   1.3621970192294519E-002
   1.4251151671003463E-002
   1.4812816103317214E-002
   1.5452586062572436E-002
   1.5769069500199004E-002
   1.6048506363362473E-002
   1.6678863899814312E-002
   1.6493655913914346E-002
   1.6507891894647676E-002
   1.6740192351455654E-002
   1.7159345191197658E-002
   1.6795963179554951E-002
   1.7354087302097344E-002
   1.7956267298193364E-002
   1.7943113378345695E-002
   1.8617430342017995E-002
   1.9273647327915991E-002
   1.9738235987292775E-002
   2.0152350439663378E-002
   2.0246413955613603E-002
   2.0794169456499215E-002
   2.0817372258196156E-002
   2.0624912607919092E-002
   2.1325593611205649E-002
   2.0468767040668436E-002
   1.9876078920513022E-002
   1.9916047522894664E-002
   2.0449038134288562E-002
   2.1309650285686568E-002
   2.1893652283901881E-002
   2.1830740184884401E-002
   2.2280859008236099E-002
   2.2231692282275426E-002
   2.2188005041401289E-002
   2.2185955598495562E-002
   2.2592962921984306E-002
   2.4167806923391190E-002
   2.4698031689549885E-002
   1.2706691523388406E-002
   1.2706691523388200E-002
   1.2599771841015173E-002
   1.2599771841015387E-002
   1.2541803585939629E-002
   1.2541803585939629E-002
   1.2835102012553648E-002
   1.2835102012553867E-002
   1.2734571665539360E-002
   1.2734571665539360E-002
   1.2717787473437462E-002
   1.2717787473437572E-002
   1.2933164211463568E-002
   1.2935361420785092E-002
   1.2780245985792285E-002
   1.2780245985792285E-002
   1.2899605104540846E-002
   1.2899605104540877E-002
   1.3006478373709912E-002
   1.3068379999977542E-002
   1.2717518835741213E-002
   1.2717518835741111E-002
   2.4318662722244280E-002
   2.2746429663713204E-002
