  0.81416593260198966       0.70597748810006145     
  0.79748360917489614       0.69158706271068304     
  0.78188851310130980       0.67620775628339269     
  0.76761100937669557       0.65961790739673942     
  0.75426225664493962       0.64198192888552041     
  0.74275226189974108       0.62357061116889434     
  0.73311507526333741       0.60399989543582278     
  0.72463714392865419       0.58454806664343728     
  0.71754269016720262       0.56543046941348740     
  0.71171149420501123       0.54638241054980607     
  0.70720772210124838       0.52701847328930351     
  0.70540292962140361       0.50661422313109616     
  0.70590983217266567       0.48527528017737576     
  0.70651915713346558       0.46467539073341252     
  0.70567103635768813       0.44385677065598977     
  0.70725970513640191       0.42312690266244224     
  0.71267940834069110       0.40361719860739187     
  0.71907828614576230       0.38448439868181294     
  0.72570050788471474       0.36588930481376714     
  0.73233558709467661       0.34779342249928374     
  0.74017582063597009       0.33091659803850737     
  0.74902172067647643       0.31530855612234715     
  0.75839560676373052       0.29999598005064315     
  0.76833113981594570       0.28576591645919813     
  0.77866926047595408       0.27252578409469763     
  0.78937902224874412       0.25911990597556350     
  0.80078078345472592       0.24686430818202812     
  0.81282454157131079       0.23557256557014261     
  0.82509285920085618       0.22454774311364004     
  0.83790477176616962       0.21387115254517625     
  0.85100942354200670       0.20460829539448094     
  0.86438682514815646       0.19625886992916292     
  0.87773582048387333       0.18847597706934857     
  0.89083351597030103       0.18155563227047086     
  0.90386963861728720       0.17579577067657301     
  0.91665618517298020       0.17110886853163210     
  0.92924671507411394       0.16702143924332116     
  0.94154283200110422       0.16395646831117847     
  0.96557691652557764       0.15902966821499015     
  0.98866912200605839       0.15752599968525199     
   1.0114137317164906       0.15752553336982184     
   1.0345048154086880       0.15902308624214959     
   1.0585393424116729       0.16396526068409772     
   1.0708359823782871       0.16703478990800857     
   1.0834286681114971       0.17112128917996791     
   1.0962187210082273       0.17580878518728399     
   1.1092534524468596       0.18156995696676384     
   1.1223490185051481       0.18849279385085224     
   1.1356964217578747       0.19627927202974113     
   1.1490707716336666       0.20463333201887288     
   1.1621706460429082       0.21390413818430323     
   1.1749784056911370       0.22458804167421420     
   1.1872424085467705       0.23561686388529429     
   1.1992792243057808       0.24691401225065696     
   1.2106726498524576       0.25917875416706382     
   1.2213740346691779       0.27259231038438164     
   1.2316981467648400       0.28584059663450356     
   1.2416159742599497       0.30008141978016695     
   1.2509693724356348       0.31540922059604592     
   1.2597967132478658       0.33103078811959774     
   1.2676275491954112       0.34792122094124334     
   1.2742522481909953       0.36602058127631570     
   1.2808442991030866       0.38462549526865802     
   1.2871658279675831       0.40376068539204951     
   1.2925283320905916       0.42328402597691822     
   1.2941001136798984       0.44401870673214378     
   1.2933061393137517       0.46482093239292865     
   1.2938950333269912       0.48543743607142542     
   1.2942670769639162       0.50675978412229727     
   1.2923507003079708       0.52713864387150067     
   1.2878661280563635       0.54650219532712407     
   1.2820371248338633       0.56554613584284408     
   1.2749090827296277       0.58471262160257143     
   1.2663898853868194       0.60424527303376607     
   1.2566785246493297       0.62386723733285565     
   1.2450352185149773       0.64233381902199560     
   1.2315972759316527       0.66010622395976826     
   1.2171649117070575       0.67701642811650187     
   1.2014558526125823       0.69268592172936416     
   1.1846585528723390       0.70717962199033413     
   1.1664570745449725       0.72056424601540725     
   1.1460145966010495       0.73345563798829128     
   1.1237638728700539       0.74417468938218412     
   1.1119373269376522       0.74882149697227707     
   1.1001107810052508       0.75346830456237002     
   1.0880397756254130       0.75708010183873597     
   1.0759687702455749       0.76069189911510193     
   1.0637020102578438       0.76330406997316003     
   1.0514352502701128       0.76591624083121812     
   1.0387489956544775       0.76786528867566239     
   1.0260627410388421       0.76981433652010667     
   1.0133296963741911       0.77001153964574443     
   1.0005966517095402       0.77020874277138218     
  0.98788111481128071       0.76996949476506749     
  0.97516557791302116       0.76973024675875290     
  0.96235502418200236       0.76795360677683133     
  0.94954279782583262       0.76617303639501411     
  0.93701003509542224       0.76367012892557051     
  0.92447727236501187       0.76116722145612692     
  0.91215128127964240       0.75736330825831488     
  0.89982529019427293       0.75355939506050273     
  0.88776083165309072       0.74869962965527181     
  0.87562041272504232       0.74386302091822298     
  0.86409858783929083       0.73847944992495929     
  0.85257676295353946       0.73309587893169559     
  0.83212921197414014       0.71993172246258830     
  0.81416593260198966       0.70597748810006145     
