  0.83318561680410075       0.71986752818469069      -0.93853193533013979        1.0070374798343427        1.3765778871628156     
  0.81416593260198966       0.70597748810006145      -0.84185707904414220       0.82282578284979113        1.1771854613692385     
  0.79748360917489614       0.69158706271068304      -0.80332180611144832       0.68481837453860883        1.0556051014843864     
  0.78188851310130980       0.67620775628339269      -0.82511576017390609       0.58293991440986515        1.0102647977137200     
  0.76761100937669557       0.65961790739673942      -0.84411300615962837       0.49642248293803104       0.97926607657684361     
  0.75426225664493962       0.64198192888552041      -0.86715206468712835       0.38147982051401763       0.94735397647899100     
  0.74275226189974108       0.62357061116889434      -0.84979208886764424       0.25962918721931827       0.88856846059164063     
  0.73311507526333741       0.60399989543582278      -0.64408001817953142       0.11687725189283177       0.65459862650953216     
  0.72463714392865419       0.58454806664343728      -0.45207684763451145       -1.4682192604623490E-002  0.45231520309054013     
  0.71754269016720262       0.56543046941348740      -0.42546189828679937       -6.9171494818390522E-002  0.43104816736557111     
  0.71171149420501123       0.54638241054980607      -0.58110715505232358       -8.0390327413529528E-002  0.58664139846643937     
  0.70720772210124838       0.52701847328930351      -0.75298156804984551       -7.4655583230957445E-002  0.75667344206755305     
  0.70540292962140361       0.50661422313109616      -0.22862810257121235      -0.15205803410600766       0.27457686541567294     
  0.70590983217266567       0.48527528017737576       0.49383254995094350      -0.27536798689369790       0.56541853135260689     
  0.70651915713346558       0.46467539073341252       0.63494417490421151      -0.31635319960433683       0.70938949255306238     
  0.70567103635768813       0.44385677065598977        6.8130579053778707E-003 -0.36313343790081298       0.36319734508898277     
  0.70725970513640191       0.42312690266244224      -0.54047472937843732      -0.33837056160942364       0.63765787853720723     
  0.71267940834069110       0.40361719860739187       0.10629221653606559      -0.25613898163730120       0.27731789197659712     
  0.71907828614576230       0.38448439868181294       0.70516430169629774      -0.19933098326686768       0.73279569681935464     
  0.72570050788471474       0.36588930481376714       0.94192595484329722      -0.18283158542240838       0.95950606722184328     
  0.73233558709467661       0.34779342249928374       0.80597816876016593      -0.19237147366669410       0.82861788081038057     
  0.74017582063597009       0.33091659803850737       0.68363813397503581      -0.13189875033582688       0.69624591816758385     
  0.74902172067647643       0.31530855612234715       0.71897698625919593       -6.1761646448219021E-002  0.72162483864010030     
  0.75839560676373052       0.29999598005064315       0.85817444740541926        1.1804915971682955E-002  0.85825563687091222     
  0.76833113981594570       0.28576591645919813       0.97301004756876242        9.6321011048057945E-002  0.97776596884892930     
  0.77866926047595408       0.27252578409469763        1.0503798398222548       0.16600600576045774        1.0634170404190291     
  0.78937902224874412       0.25911990597556350        1.0764665608796398       0.23088840673373567        1.1009494598100686     
  0.80078078345472592       0.24686430818202812        1.0977655385660854       0.29544983404947833        1.1368288270901437     
  0.81282454157131079       0.23557256557014261        1.0967227469103342       0.37057193789145909        1.1576373977818704     
  0.82509285920085618       0.22454774311364004        1.0985902776490273       0.43771965858912931        1.1825815395398114     
  0.83790477176616962       0.21387115254517625        1.1184063264570270       0.52335755181070576        1.2348019428622541     
  0.85100942354200670       0.20460829539448094        1.1355243147470500       0.62489177593326062        1.2961115696616483     
  0.86438682514815646       0.19625886992916292        1.1199000630745968       0.73212279005058190        1.3379760577028030     
  0.87773582048387333       0.18847597706934857        1.0851492164632479       0.82765433356656237        1.3647565782447473     
  0.89083351597030103       0.18155563227047086        1.0475853394758348       0.93238312388989542        1.4024169612491786     
  0.90386963861728720       0.17579577067657301       0.98520289009798712        1.0398860854586092        1.4324761098838110     
  0.91665618517298020       0.17110886853163210       0.86889843747491058        1.1466626208509783        1.4386867833907335     
  0.92924671507411394       0.16702143924332116       0.75209077997107376        1.2467532608419258        1.4560337340657576     
  0.94154283200110422       0.16395646831117847       0.63458807115737137        1.3201777076356300        1.4647768430014518     
  0.95369499089671850       0.16136011374796153       0.51955231884773190        1.4045242470018278        1.4975389719256413     
  0.96557691652557764       0.15902966821499015       0.40483715402138892        1.4955727741993603        1.5493969937374050     
  0.98866912200605839       0.15752599968525199       0.13850793564402678        1.5853277131537744        1.5913668358771795     
   1.0114137317164906       0.15752553336982184      -0.13640378859320321        1.5841457492735960        1.5900074680592484     
   1.0345048154086880       0.15902308624214959      -0.40272820998201686        1.4935818540887136        1.5469249387020687     
   1.0463876542457988       0.16136267858338207      -0.51756470285198652        1.4039098237968073        1.4962740440813131     
   1.0585393424116729       0.16396526068409772      -0.63271682438975063        1.3208486587865644        1.4645722103345113     
   1.0708359823782871       0.16703478990800857      -0.75019817317650173        1.2485780666306265        1.4566209141394455     
   1.0834286681114971       0.17112128917996791      -0.86681219046385305        1.1476032814216437        1.4381782452347369     
   1.0962187210082273       0.17580878518728399      -0.98246574017667487        1.0402126602499213        1.4308323833227705     
   1.1092534524468596       0.18156995696676384       -1.0449168677609275       0.93224339610432527        1.4003317500190566     
   1.1223490185051481       0.18849279385085224       -1.0828057226356251       0.82748643579955461        1.3627919996847313     
   1.1356964217578747       0.19627927202974113       -1.1179019284417240       0.73230446169301977        1.3364035865819983     
   1.1490707716336666       0.20463333201887288       -1.1335937799122009       0.62548174193463335        1.2947054751368030     
   1.1621706460429082       0.21390413818430323       -1.1167875671200755       0.52437168168911263        1.2337666435073713     
   1.1749784056911370       0.22458804167421420       -1.0973292659519118       0.43924045594679056        1.1819744904416956     
   1.1872424085467705       0.23561686388529429       -1.0958079320469398       0.37215446012220132        1.1572786899126062     
   1.1992792243057808       0.24691401225065696       -1.0968620810333836       0.29709306637186905        1.1363849325361213     
   1.2106726498524576       0.25917875416706382       -1.0756658572657130       0.23264471223913108        1.1005365049011364     
   1.2213740346691779       0.27259231038438164       -1.0497254352085417       0.16792271925627511        1.0630717421539262     
   1.2316981467648400       0.28584059663450356      -0.97298988300635003        9.8676644837031327E-002  0.97798077315916820     
   1.2416159742599497       0.30008141978016695      -0.85980501327944237        1.4719550241419034E-002  0.85993100073190276     
   1.2509693724356348       0.31540922059604592      -0.72249682487326861       -5.7676074343627898E-002  0.72479527558038492     
   1.2597967132478658       0.33103078811959774      -0.68798889403794306      -0.12713835291646947       0.69963767701708635     
   1.2676275491954112       0.34792122094124334      -0.80604083980684527      -0.18719440362808160       0.82749234448797016     
   1.2742522481909953       0.36602058127631570      -0.93672926298133763      -0.17944892914894905       0.95376287949273042     
   1.2808442991030866       0.38462549526865802      -0.70100895164526600      -0.19616826605145429       0.72793924120933950     
   1.2871658279675831       0.40376068539204951      -0.11828114722098193      -0.25240050769725719       0.27874082240272013     
   1.2925283320905916       0.42328402597691822       0.51120464558134526      -0.33239900355063495       0.60976986414991341     
   1.2941001136798984       0.44401870673214378       -2.1017639994196202E-002 -0.35777150676944791       0.35838832604732918     
   1.2933061393137517       0.46482093239292865      -0.62085690226799994      -0.31215443346862437       0.69491271640971908     
   1.2938950333269912       0.48543743607142542      -0.47428059085443802      -0.26864864119078391       0.54508180236996484     
   1.2942670769639162       0.50675978412229727       0.22071368070937708      -0.14661181513879198       0.26497085347368332     
   1.2923507003079708       0.52713864387150067       0.72235143036460747       -7.1023987256552623E-002  0.72583468897236747     
   1.2878661280563635       0.54650219532712407       0.56522464848086285       -7.4801790676512825E-002  0.57015279630878579     
   1.2820371248338633       0.56554613584284408       0.42314531400507133       -6.0900146418280704E-002  0.42750530359074895     
   1.2749090827296277       0.58471262160257143       0.45425871685816155       -2.3731301656759810E-003  0.45426491564769411     
   1.2663898853868194       0.60424527303376607       0.64081750178139674       0.12959367232279886       0.65379017314078636     
   1.2566785246493297       0.62386723733285565       0.84031870943358522       0.26755640833149552       0.88188546028573134     
   1.2450352185149773       0.64233381902199560       0.85032978631350731       0.38218438229954366       0.93226908538557618     
   1.2315972759316527       0.66010622395976826       0.82863332764588171       0.48957410706253518       0.96245311469783601     
   1.2171649117070575       0.67701642811650187       0.81444944749699189       0.60816376047245246        1.0164600641836106     
   1.2014558526125823       0.69268592172936416       0.82991477361384924       0.75569294235596962        1.1224216474164910     
   1.1846585528723390       0.70717962199033413       0.84535579396947558       0.92848507604827080        1.2556715155016163     
   1.1664570745449725       0.72056424601540725       0.85419140264153715        1.0281150159494330        1.3366613027866932     
   1.1460145966010495       0.73345563798829128       0.80746318498618797        1.0761089232672816        1.3453650842219398     
   1.1237638728700539       0.74417468938218412       0.65920335321364854        1.1250963326129253        1.3039903444992116     
   1.1001107810052508       0.75346830456237002       0.53041469602670532        1.2151456147022330        1.3258652324769551     
   1.0759687702455749       0.76069189911510193       0.40629332385851047        1.3297965642955580        1.3904794739313007     
   1.0514352502701128       0.76591624083121812       0.29909114714273666        1.4476547428970958        1.4782285915688460     
   1.0260627410388421       0.76981433652010667       0.15062064848914292        1.5599746418563118        1.5672292311547851     
   1.0005966517095402       0.77020874277138218       -9.7929345231721511E-003   1.5081005911297443        1.5081323862753095     
  0.97516557791302116       0.76973024675875290      -0.14820014745192811        1.4600728220296280        1.4675748462461242     
  0.96235502418200236       0.76795360677683133      -0.21695915748661759        1.4438394307438611        1.4600491696473994     
  0.94954279782583262       0.76617303639501411      -0.28605269255894655        1.4268199594613744        1.4552117851493580     
  0.92447727236501187       0.76116722145612692      -0.41649571969993093        1.3983400717049557        1.4590488822051797     
  0.89982529019427293       0.75355939506050273      -0.55635748785455308        1.2069416545248157        1.3290003053870714     
  0.88776083165309072       0.74869962965527181      -0.63313159438925670        1.1265242814660597        1.2922509711919370     
  0.87562041272504232       0.74386302091822298      -0.72509777863676117        1.0507382421472331        1.2766431146152879     
  0.85257676295353946       0.73309587893169559      -0.96091440049006926        1.0589113063360638        1.4299124587734517     
  0.83212921197414014       0.71993172246258830      -0.93724520488855778        1.0009850744223052        1.3712766654846944     
