   2.3421438343075918E-002
   2.1736288991688911E-002
   2.1469384118526755E-002
   2.1498858328958988E-002
   2.1591984929480557E-002
   2.1246156081648097E-002
   2.1664324376197669E-002
   2.1030703029386665E-002
   2.0183579319351906E-002
   1.9652664602712939E-002
   1.9732080793324541E-002
   2.0500835223306892E-002
   2.0953784697749642E-002
   2.0395190420633823E-002
   2.0711986079515181E-002
   2.1297479303912153E-002
   2.0040428188170749E-002
   1.9713051797580011E-002
   1.9453245013521518E-002
   1.9474174418180470E-002
   1.9145748511428577E-002
   1.8161390641196536E-002
   1.7921527558714914E-002
   1.7387781529308064E-002
   1.6842704619876605E-002
   1.7333293144336882E-002
   1.6905600008356635E-002
   1.6772145269696705E-002
   1.6713615332438717E-002
   1.6879936169570713E-002
   1.6277567188498928E-002
   1.6124659275702304E-002
   1.5846180973976977E-002
   1.5228850042893573E-002
   1.4758962861118911E-002
   1.4351371280434863E-002
   1.3950552398990866E-002
   1.3332936556549024E-002
   1.3080289529079171E-002
   1.2763211768362861E-002
   2.4501766440011528E-002
   2.4119168915172240E-002
   2.4500459370283709E-002
   1.2765189322173381E-002
   1.3080351655538277E-002
   1.3333027106064850E-002
   1.3952822252693245E-002
   1.4352939243951833E-002
   1.4759569532423970E-002
   1.5229697100753435E-002
   1.5847253872363951E-002
   1.6123824082470921E-002
   1.6278492669163480E-002
   1.6881300754452416E-002
   1.6714229720425536E-002
   1.6770750153068729E-002
   1.6906760775567839E-002
   1.7334076549569977E-002
   1.6841113885766600E-002
   1.7389408773489427E-002
   1.7924384995563866E-002
   1.8163443416693723E-002
   1.9142504224158519E-002
   1.9471974755259490E-002
   1.9456769142329355E-002
   1.9713153284305323E-002
   2.0046090848339960E-002
   2.1286647700711592E-002
   2.0691985225940776E-002
   2.0399482888436658E-002
   2.0943301907730343E-002
   2.0484472267970781E-002
   1.9732236154362027E-002
   1.9652715184735169E-002
   2.0230501758985917E-002
   2.1107424674828894E-002
   2.1751003535223443E-002
   2.1375452373720336E-002
   2.1788425056690618E-002
   2.1737155694248163E-002
   2.1729474235172904E-002
   2.1691443370397655E-002
   2.2337528896301039E-002
   2.3842306454420332E-002
   2.3924097007185906E-002
   2.4650072826715681E-002
   2.4443474828959085E-002
   2.4441033927494707E-002
   2.4855116750739720E-002
   2.4672684833986658E-002
   2.4740185989724561E-002
   1.2581522204580704E-002
   1.2581522204580814E-002
   2.4893021755098974E-002
   2.4858884884499072E-002
   1.2502281170670518E-002
   1.2502281170670414E-002
   2.4390004067618671E-002
   2.4263336944173926E-002
   1.0670274749466793E-003
